9.523763248160973 -1.066831901753096 
6.65786259208662 4.031348539618125 
-10.708922063494757 4.819082086503634 
7.9804742414272685 2.171311247659604 
-7.339350102663896 8.961300900656694 
12.474011781539403 0.27536159297695856 
-1.1925991209140845 -0.1587646375512777 
8.875812124506869 -8.714995407522686 
3.9351983077778696 0.023575472321341773 
10.002433310473828 0.05195966118470277 
-10.550296181296826 2.158676674752287 
11.937102177237534 -0.3393321987264437 
-11.047921041459274 5.219013565980146 
0.7813017121294505 -1.4430344115072924 
-8.570781185455493 9.070121518317174 
8.757779413306768 0.9124875250151387 
2.555148998597092 -2.2962725879669366 
-0.30740841625080545 4.980204660971495 
9.151921132216101 -4.156094164110377 
9.094246041802528 -8.581459490890708 
5.054385961604557 -8.251306620176482 
7.636675491777414 -1.7704137914361995 
10.05148401785044 1.0060551277892782 
-9.505935426646131 3.04766575434739 
6.119788974264983 1.6486574680165496 
4.4788068775657015 -1.0707768102371562 
9.71362419809819 0.634746481733144 
-8.854732731636355 6.4381315398968395 
0.3159754813791155 2.5168750585046267 
0.8184294091284595 -4.322204724589331 
9.854881400277979 4.369085186882433 
11.992972171283757 -1.2612741475056188 
7.079830518996227 -0.5600182896881027 
0.6611832268349668 -1.008802182518366 
-1.3745052994216211 -4.829736358923091 
-0.8299615172759952 2.6930376132303024 
-1.8564222788800997 1.7135578133728215 
10.43883181734481 -1.44758159194995 
-6.41851058468359 9.058789907818928 
8.92987068048676 -8.801777114810688 
4.493081014670821 -7.865587963433547 
-8.700642511348025 -4.826170706868281 
4.620104367856091 -5.9056652500597675 
-3.322446662289409 7.606641937633452 
8.749906444130229 0.10281210287635198 
11.843180642032932 1.214206222176274 
9.866078232084632 4.5775715345437265 
0.32435660409986333 2.569459967777344 
5.418959509914135 -0.547770658732239 
-0.01961346858315095 -3.11650019819606 
8.112569110654212 -1.0576993896034514 
4.023522090251981 6.010936605187363 
6.124554235154762 1.522900538051655 
6.785194723590478 -10.749752187191545 
10.131163832460626 1.9503218231383026 
7.219906488573037 -6.1282289764746 
0.2093687694316944 -0.26647079231904597 
-8.274176426605315 -7.168110484375446 
10.274053486858474 1.0748235061935654 
-1.710386455801641 -3.03225187074544 
-3.0756133077785215 -9.275957036670343 
4.809428379000442 -1.8073280732266035 
1.4325191672137432 2.922390262149688 
13.281863948201577 -2.399189337269703 
1.5462462704758555 -4.433748088139646 
-4.634685247254742 9.878034234412178 
3.7992129108149717 -8.353592243004478 
11.0526476882623 -1.027345371792091 
3.0135045372607205 7.032463398323744 
11.020237438301931 1.2474218522478626 
-1.8185671177394587 -3.529065424481061 
4.032609489966237 5.724005552538901 
3.3080479090841064 -3.117793197773822 
-5.726991590598442 9.593824339578916 
0.00310018793821658 -4.341957250103404 
5.119569510463198 4.135946818482572 
11.148804919893935 0.5516578315774453 
3.262431018667634 0.3591758317003431 
-9.066700623745286 1.1690066253187297 
7.874489696390796 -7.285121659988437 
-3.797233376698775 -7.762788576227869 
2.8619859441326514 -3.2004481893678287 
8.552520112205277 -0.33235596472749596 
4.862287001526353 1.6687733636778201 
9.68060125327991 -8.296880111364594 
10.546459867600062 -0.10632438883208124 
-8.341192366710878 -6.295080132511639 
10.983191581130868 0.4955890949391048 
-0.05940251748817907 -5.975381674398165 
-2.055630808131941 0.7676986920384719 
2.075117551800773 2.9965823937253844 
6.736612700473948 -10.79520486418778 
5.905470397932037 2.644978745055234 
-8.895843174752667 2.2179603006387865 
-0.7585858724056311 -2.64111620456559 
3.611410622804561 -8.474402531690874 
-1.9987641676572645 9.612855528060887 
-4.062168449439565 -5.832118614472797 
5.750095542234285 0.7210232103048929 
4.27774417901746 1.801962159193954 
-3.0211541273748157 1.86002422216724 
-4.0819274499854625 -6.774858344752298 
-3.1328383936097786 -0.4527511800294478 
-8.015622498796601 4.910964508277612 
-5.1989851136227925 0.11508294607637148 
2.008730907738473 5.7952090125706075 
-0.8256481483106141 -1.942206894707097 
-4.691024709068801 -7.049788089757702 
-5.222631764521181 7.699766347755433 
0.9907386121604226 -3.1473023497420742 
-1.645381478780254 4.992550986648002 
-4.486545249776699 -8.517710643409806 
-2.296948752459194 4.670314481963859 
-1.23981799285606 3.9587924994343737 
-6.594827367413256 4.993750247038168 
-2.78128267965216 -5.822903961662143 
-5.881076759255833 3.8613364796208995 
-6.153717166840033 -5.815207307848367 
-3.4310581296496614 2.222963356251489 
7.918796746638757 0.6583821247033863 
-5.960828293062008 -2.7605716566066687 
-7.147275993284508 3.012531352179733 
-6.994722617536594 3.193486395038101 
-7.075904000197238 -4.928234411372599 
9.438012453907628 -4.638604315210004 
-6.805342594633529 4.265305909951068 
-3.9092352073094445 -3.134444824580154 
6.007036856496657 -2.9289420624424847 
-6.609516569839854 5.219039830803011 
-1.3336798569340278 5.7209460103503496 
-3.7785649020879823 3.109034428552042 
-7.412320692981567 5.067647621893044 
1.4119993059312277 -2.842843463041994 
13.101342206510163 -1.9635575882006802 
-7.458920721608566 6.067706202297444 
-5.2549400673711615 3.832034441314303 
3.6847409681929917 -1.6568059634853667 
-3.418931613458387 -7.3638862573172945 
-7.894720102231006 3.61209098573634 
-5.234799721137548 -0.7692069228562489 
-2.27500072703266 3.1027197412341643 
8.72126027223942 3.6079225826836723 
3.614789473656909 4.062882282130501 
-4.24374366891597 5.409184696064167 
-3.143270639757878 5.803865646013492 
-4.942809329540693 4.961365153162601 
1.7449688545082842 5.9493687149207535 
6.546794611035085 -3.771609939407229 
0.1950738807874512 -2.232020382757502 
-7.710612347066778 -2.3399691826396967 
-0.48081384936467764 -4.414397867921417 
-1.7302819502471714 -9.168210414263603 
4.645644961926711 4.0128227888154635 
-6.105554199673751 -3.874262626989385 
-4.3412871884656035 2.84312291102517 
-3.11738515625052 -4.594360245744881 
-7.45036559672579 -1.2174639279997144 
-0.25662196777511187 -0.21998337157031364 
-6.963185871623509 -6.754002758912217 
-6.522068030092351 8.675985467946989 
-6.041869404842977 2.5373643744416357 
-4.453996869250602 -6.770725568130887 
-1.8333672068391755 -1.6593689731352386 
-7.5229301807335585 3.9885655362298817 
0.9791706336002295 6.982103704368755 
-4.332367380039116 -2.831477236301882 
-2.9612565723422875 -7.06948916186435 
-2.871018662603787 -8.618723935435087 
-5.924395476055049 3.226885265452787 
-5.0175253227166525 -2.1024795040247057 
-7.044955303587308 1.8311741536062982 
-5.718875349599971 5.756706268916198 
-8.864480021816115 8.063423801570812 
-4.929709124987101 -6.251929317455308 
-2.623972069680408 6.95350611320583 
-3.4243304494349913 0.4878771934865023 
0.8692123569805935 7.268557910254748 
-6.405719745905248 8.044956391102156 
-4.928495666047565 3.3739464353415882 
9.517974960053564 -3.0275976098476223 
-5.2488440335794735 1.9834493174830186 
3.125318299687188 -1.7406338338180538 
-8.236975161102642 7.568055657500198 
-8.006351827387027 -3.5218896966906925 
-4.518657494848395 1.0110220830108347 
-7.049434052953962 0.7772832753920145 
-6.672051208427736 6.063879262935454 
-1.0918631614925614 -1.360047293669789 
6.864306833921389 -6.266091420934059 
-7.188898010609984 -3.1288008184543012 
-6.889377320986216 -5.123109332326396 
6.86636039692121 -10.60830746334746 
-5.070629890606856 -4.558087698004937 
-4.394087923606041 -8.426770012407989 
-6.846995401999019 7.404347169972802 
-3.6399324961208843 4.634268084307091 
-7.426538363824283 -2.8238174344865827 
-5.912676283472426 4.925976922881 
-4.819997062544586 8.651734861894903 
-4.808522425556958 6.238183083156371 
